"Annees" "Mois" "Precipitations"
"1" 1895 1 65.5
"2" 1895 2 4.4
"3" 1895 3 58.4
"4" 1895 4 29.2
"5" 1895 5 45.2
"6" 1895 6 15.1
"7" 1895 7 99.2
"8" 1895 8 116.9
"9" 1895 9 0.9
"10" 1895 10 115.1
"11" 1895 11 65.5
"12" 1895 12 108
"13" 1896 1 17.7
"14" 1896 2 8.9
"15" 1896 3 52.2
"16" 1896 4 24.8
"17" 1896 5 7.1
"18" 1896 6 33.6
"19" 1896 7 19.5
"20" 1896 8 39.8
"21" 1896 9 91.2
"22" 1896 10 130.2
"23" 1896 11 39
"24" 1896 12 47.8
"25" 1897 1 21.3
"26" 1897 2 63.8
"27" 1897 3 48.7
"28" 1897 4 67.3
"29" 1897 5 33.6
"30" 1897 6 89.4
"31" 1897 7 21.3
"32" 1897 8 90.3
"33" 1897 9 61.1
"34" 1897 10 14.2
"35" 1897 11 21.3
"36" 1897 12 64.6
"37" 1898 1 14.2
"38" 1898 2 53.1
"39" 1898 3 39.8
"40" 1898 4 24.8
"41" 1898 5 65.5
"42" 1898 6 100.1
"43" 1898 7 16.8
"44" 1898 8 31
"45" 1898 9 10.6
"46" 1898 10 44.3
"47" 1898 11 62
"48" 1898 12 46
"49" 1899 1 73.5
"50" 1899 2 23.9
"51" 1899 3 15.1
"52" 1899 4 68.2
"53" 1899 5 39.8
"54" 1899 6 38.1
"55" 1899 7 61.1
"56" 1899 8 19.5
"57" 1899 9 73.5
"58" 1899 10 28.3
"59" 1899 11 33.6
"60" 1899 12 54.9
"61" 1900 1 71.1
"62" 1900 2 66.4
"63" 1900 3 19.4
"64" 1900 4 55
"65" 1900 5 47.6
"66" 1900 6 35.4
"67" 1900 7 81.5
"68" 1900 8 63.7
"69" 1900 9 22.1
"70" 1900 10 58.6
"71" 1900 11 54.9
"72" 1900 12 95.5
"73" 1901 1 21
"74" 1901 2 19.1
"75" 1901 3 35.4
"76" 1901 4 27.5
"77" 1901 5 21.9
"78" 1901 6 32.1
"79" 1901 7 28.2
"80" 1901 8 29.1
"81" 1901 9 38.2
"82" 1901 10 64.5
"83" 1901 11 22.6
"84" 1901 12 45.1
"85" 1902 1 27
"86" 1902 2 21.2
"87" 1902 3 36.2
"88" 1902 4 30.8
"89" 1902 5 76.7
"90" 1902 6 50.4
"91" 1902 7 54
"92" 1902 8 79.3
"93" 1902 9 36.8
"94" 1902 10 57.2
"95" 1902 11 21.2
"96" 1902 12 52.7
"97" 1903 1 45
"98" 1903 2 23.5
"99" 1903 3 42.7
"100" 1903 4 82.6
"101" 1903 5 41.5
"102" 1903 6 36.7
"103" 1903 7 125
"104" 1903 8 36.3
"105" 1903 9 34.5
"106" 1903 10 130.2
"107" 1903 11 66.4
"108" 1903 12 31.5
"109" 1904 1 49.4
"110" 1904 2 70
"111" 1904 3 56.6
"112" 1904 4 13.7
"113" 1904 5 43.1
"114" 1904 6 41.9
"115" 1904 7 39.1
"116" 1904 8 35
"117" 1904 9 45.6
"118" 1904 10 43.9
"119" 1904 11 71.5
"120" 1904 12 65.6
"121" 1905 1 31
"122" 1905 2 31
"123" 1905 3 89.9
"124" 1905 4 32.9
"125" 1905 5 56
"126" 1905 6 66.3
"127" 1905 7 57.8
"128" 1905 8 113.4
"129" 1905 9 50.3
"130" 1905 10 43.4
"131" 1905 11 56.1
"132" 1905 12 23.6
"133" 1906 1 30.7
"134" 1906 2 46.9
"135" 1906 3 68.2
"136" 1906 4 41.6
"137" 1906 5 100.9
"138" 1906 6 22.1
"139" 1906 7 19.5
"140" 1906 8 49.6
"141" 1906 9 33.6
"142" 1906 10 47.8
"143" 1906 11 62
"144" 1906 12 74.4
"145" 1907 1 33.6
"146" 1907 2 31
"147" 1907 3 22.1
"148" 1907 4 58.4
"149" 1907 5 41.6
"150" 1907 6 50.5
"151" 1907 7 39
"152" 1907 8 41.6
"153" 1907 9 10.6
"154" 1907 10 56.7
"155" 1907 11 27.5
"156" 1907 12 56.7
"157" 1908 1 34.5
"158" 1908 2 54
"159" 1908 3 44.3
"160" 1908 4 34.5
"161" 1908 5 25.7
"162" 1908 6 31.9
"163" 1908 7 41.6
"164" 1908 8 64.6
"165" 1908 9 59.3
"166" 1908 10 20.4
"167" 1908 11 50.5
"168" 1908 12 49.6
"169" 1909 1 28.3
"170" 1909 2 8
"171" 1909 3 61.1
"172" 1909 4 43.4
"173" 1909 5 42.5
"174" 1909 6 51.4
"175" 1909 7 71.7
"176" 1909 8 48.7
"177" 1909 9 61.1
"178" 1909 10 108
"179" 1909 11 17.7
"180" 1909 12 74.4
"181" 1910 1 69.1
"182" 1910 2 79.7
"183" 1910 3 38.6
"184" 1910 4 54.6
"185" 1910 5 97.4
"186" 1910 6 28.9
"187" 1910 7 118.7
"188" 1910 8 36.2
"189" 1910 9 43.7
"190" 1910 10 50.3
"191" 1910 11 121.6
"192" 1910 12 64.1
"193" 1911 1 33.6
"194" 1911 2 21.9
"195" 1911 3 58.3
"196" 1911 4 33.5
"197" 1911 5 25.8
"198" 1911 6 36.8
"199" 1911 7 40.1
"200" 1911 8 15.2
"201" 1911 9 32.9
"202" 1911 10 118
"203" 1911 11 68.5
"204" 1911 12 84.6
"205" 1912 1 51.3
"206" 1912 2 36
"207" 1912 3 80.9
"208" 1912 4 11.3
"209" 1912 5 31.5
"210" 1912 6 68.2
"211" 1912 7 66.3
"212" 1912 8 108.1
"213" 1912 9 50.7
"214" 1912 10 91.3
"215" 1912 11 80.1
"216" 1912 12 53.8
"217" 1913 1 64.1
"218" 1913 2 14.2
"219" 1913 3 76.7
"220" 1913 4 69.4
"221" 1913 5 49.4
"222" 1913 6 50.1
"223" 1913 7 58.3
"224" 1913 8 96
"225" 1913 9 36.4
"226" 1913 10 33.2
"227" 1913 11 52.7
"228" 1913 12 37.8
"229" 1914 1 20.6
"230" 1914 2 34.9
"231" 1914 3 87.4
"232" 1914 4 39.4
"233" 1914 5 44.2
"234" 1914 6 50.1
"235" 1914 7 129.4
"236" 1914 8 92.5
"237" 1914 9 45.3
"238" 1914 10 25.3
"239" 1914 11 44.7
"240" 1914 12 93.3
"241" 1915 1 61.9
"242" 1915 2 41.8
"243" 1915 3 24.8
"244" 1915 4 35
"245" 1915 5 53
"246" 1915 6 40.9
"247" 1915 7 63.7
"248" 1915 8 35.7
"249" 1915 9 82.1
"250" 1915 10 32.4
"251" 1915 11 77.4
"252" 1915 12 111.2
"253" 1916 1 30
"254" 1916 2 71.4
"255" 1916 3 72.9
"256" 1916 4 52.1
"257" 1916 5 38.2
"258" 1916 6 74.6
"259" 1916 7 43.7
"260" 1916 8 71.3
"261" 1916 9 37.9
"262" 1916 10 97.8
"263" 1916 11 60.1
"264" 1916 12 79.3
"265" 1917 1 56.5
"266" 1917 2 8.7
"267" 1917 3 37.7
"268" 1917 4 67.7
"269" 1917 5 59.3
"270" 1917 6 101
"271" 1917 7 59.7
"272" 1917 8 87
"273" 1917 9 19.5
"274" 1917 10 106.6
"275" 1917 11 47.7
"276" 1917 12 40.4
"277" 1918 1 43.5
"278" 1918 2 12.1
"279" 1918 3 28.5
"280" 1918 4 35
"281" 1918 5 38.9
"282" 1918 6 20
"283" 1918 7 128.8
"284" 1918 8 42.2
"285" 1918 9 84.3
"286" 1918 10 24
"287" 1918 11 67.3
"288" 1918 12 74.6
"289" 1919 1 47.6
"290" 1919 2 70
"291" 1919 3 77.9
"292" 1919 4 60.7
"293" 1919 5 9.8
"294" 1919 6 4.8
"295" 1919 7 96.3
"296" 1919 8 27.1
"297" 1919 9 24
"298" 1919 10 32.3
"299" 1919 11 75.9
"300" 1919 12 107.8
"301" 1920 1 71.7
"302" 1920 2 10.1
"303" 1920 3 21.8
"304" 1920 4 65.3
"305" 1920 5 43.9
"306" 1920 6 63.3
"307" 1920 7 66.8
"308" 1920 8 32.1
"309" 1920 9 25.2
"310" 1920 10 53
"311" 1920 11 14.9
"312" 1920 12 49
"313" 1921 1 33.4
"314" 1921 2 11.7
"315" 1921 3 45
"316" 1921 4 24.1
"317" 1921 5 45.1
"318" 1921 6 1.6
"319" 1921 7 3.4
"320" 1921 8 68.2
"321" 1921 9 18
"322" 1921 10 18.6
"323" 1921 11 55
"324" 1921 12 32.1
"325" 1922 1 95.4
"326" 1922 2 34.9
"327" 1922 3 77
"328" 1922 4 64.2
"329" 1922 5 5.6
"330" 1922 6 38.2
"331" 1922 7 56.3
"332" 1922 8 44.3
"333" 1922 9 78.8
"334" 1922 10 38.1
"335" 1922 11 63.2
"336" 1922 12 41.9
"337" 1923 1 45.3
"338" 1923 2 66.3
"339" 1923 3 38.3
"340" 1923 4 11.8
"341" 1923 5 99.3
"342" 1923 6 33.4
"343" 1923 7 61.7
"344" 1923 8 68.6
"345" 1923 9 60.4
"346" 1923 10 160.5
"347" 1923 11 52
"348" 1923 12 80.5
"349" 1924 1 38.4
"350" 1924 2 33.9
"351" 1924 3 39.6
"352" 1924 4 47.6
"353" 1924 5 44.1
"354" 1924 6 78.3
"355" 1924 7 47
"356" 1924 8 63.6
"357" 1924 9 48.3
"358" 1924 10 99.9
"359" 1924 11 35.4
"360" 1924 12 47.2
"361" 1925 1 55.9
"362" 1925 2 50.3
"363" 1925 3 31.8
"364" 1925 4 74.5
"365" 1925 5 56.7
"366" 1925 6 26.6
"367" 1925 7 64.6
"368" 1925 8 77.9
"369" 1925 9 81.5
"370" 1925 10 38.2
"371" 1925 11 81.5
"372" 1925 12 97.6
"373" 1926 1 48.7
"374" 1926 2 44.5
"375" 1926 3 21.3
"376" 1926 4 38.1
"377" 1926 5 54
"378" 1926 6 67.3
"379" 1926 7 80.6
"380" 1926 8 46
"381" 1926 9 33.6
"382" 1926 10 93
"383" 1926 11 59.3
"384" 1926 12 17.7
"385" 1927 1 57.8
"386" 1927 2 46
"387" 1927 3 56.7
"388" 1927 4 36.3
"389" 1927 5 30.1
"390" 1927 6 46
"391" 1927 7 102.9
"392" 1927 8 70.7
"393" 1927 9 91.7
"394" 1927 10 17.5
"395" 1927 11 71.1
"396" 1927 12 77
"397" 1928 1 67.7
"398" 1928 2 39.8
"399" 1928 3 43.6
"400" 1928 4 69.1
"401" 1928 5 54.9
"402" 1928 6 62
"403" 1928 7 58.3
"404" 1928 8 66.9
"405" 1928 9 28.3
"406" 1928 10 57.9
"407" 1928 11 123.6
"408" 1928 12 55.6
"409" 1929 1 21.5
"410" 1929 2 28.2
"411" 1929 3 6.4
"412" 1929 4 44.5
"413" 1929 5 13.1
"414" 1929 6 57.5
"415" 1929 7 50.3
"416" 1929 8 14.3
"417" 1929 9 24.3
"418" 1929 10 76.9
"419" 1929 11 97
"420" 1929 12 85.1
"421" 1930 1 31.2
"422" 1930 2 23.8
"423" 1930 3 27.5
"424" 1930 4 21.2
"425" 1930 5 59.9
"426" 1930 6 66.8
"427" 1930 7 116.3
"428" 1930 8 61.6
"429" 1930 9 65.1
"430" 1930 10 39.8
"431" 1930 11 112.9
"432" 1930 12 35.7
"433" 1931 1 71
"434" 1931 2 59
"435" 1931 3 17.4
"436" 1931 4 68.9
"437" 1931 5 58.4
"438" 1931 6 41
"439" 1931 7 93.2
"440" 1931 8 124.2
"441" 1931 9 42
"442" 1931 10 29.2
"443" 1931 11 23.2
"444" 1931 12 42.4
"445" 1932 1 25
"446" 1932 2 9.6
"447" 1932 3 26.2
"448" 1932 4 60
"449" 1932 5 45.6
"450" 1932 6 15.3
"451" 1932 7 66.8
"452" 1932 8 30.5
"453" 1932 9 66.7
"454" 1932 10 169
"455" 1932 11 33.2
"456" 1932 12 12.5
"457" 1933 1 25
"458" 1933 2 36.6
"459" 1933 3 35.1
"460" 1933 4 11.2
"461" 1933 5 109.3
"462" 1933 6 77.9
"463" 1933 7 47.4
"464" 1933 8 48.6
"465" 1933 9 42.2
"466" 1933 10 40.8
"467" 1933 11 34.7
"468" 1933 12 12
"469" 1934 1 34.4
"470" 1934 2 4.1
"471" 1934 3 49.8
"472" 1934 4 52.3
"473" 1934 5 34.1
"474" 1934 6 44.2
"475" 1934 7 34.1
"476" 1934 8 49.6
"477" 1934 9 28.2
"478" 1934 10 95
"479" 1934 11 23.7
"480" 1934 12 79.3
"481" 1935 1 42.5
"482" 1935 2 55.1
"483" 1935 3 9.1
"484" 1935 4 54.4
"485" 1935 5 24.9
"486" 1935 6 71.1
"487" 1935 7 6.6
"488" 1935 8 70.9
"489" 1935 9 95.5
"490" 1935 10 59.9
"491" 1935 11 57.6
"492" 1935 12 62.7
"493" 1936 1 69
"494" 1936 2 53.2
"495" 1936 3 17.2
"496" 1936 4 24.9
"497" 1936 5 5.1
"498" 1936 6 41.4
"499" 1936 7 107
"500" 1936 8 29
"501" 1936 9 54.5
"502" 1936 10 44.6
"503" 1936 11 71.5
"504" 1936 12 33.6
"505" 1937 1 102.9
"506" 1937 2 102.5
"507" 1937 3 79.4
"508" 1937 4 65.4
"509" 1937 5 98.5
"510" 1937 6 48.3
"511" 1937 7 38.2
"512" 1937 8 37.2
"513" 1937 9 88.6
"514" 1937 10 29.3
"515" 1937 11 45.4
"516" 1937 12 49.5
"517" 1938 1 91.2
"518" 1938 2 31.2
"519" 1938 3 13.4
"520" 1938 4 25.1
"521" 1938 5 79.4
"522" 1938 6 34.4
"523" 1938 7 117.5
"524" 1938 8 53.1
"525" 1938 9 34.4
"526" 1938 10 69.9
"527" 1938 11 56.7
"528" 1938 12 42.3
"529" 1939 1 69.5
"530" 1939 2 32.2
"531" 1939 3 54
"532" 1939 4 45.1
"533" 1939 5 103
"534" 1939 6 20.7
"535" 1939 7 111
"536" 1939 8 20.8
"537" 1939 9 59.2
"538" 1939 10 21.9
"539" 1939 11 138.2
"540" 1939 12 37.8
"541" 1940 1 35.1
"542" 1940 2 38.1
"543" 1940 3 42.2
"544" 1940 4 44.8
"545" 1940 5 40
"546" 1940 6 11.6
"547" 1940 7 109.3
"548" 1940 8 10.3
"549" 1940 9 67.1
"550" 1940 10 28
"551" 1940 11 135.6
"552" 1940 12 92.1
"553" 1941 1 31.6
"554" 1941 2 32.1
"555" 1941 3 75.5
"556" 1941 4 16
"557" 1941 5 40
"558" 1941 6 9.6
"559" 1941 7 96.1
"560" 1941 8 82.2
"561" 1941 9 15.7
"562" 1941 10 119.5
"563" 1941 11 32.1
"564" 1941 12 23.1
"565" 1942 1 49.2
"566" 1942 2 18.1
"567" 1942 3 50.5
"568" 1942 4 8
"569" 1942 5 84.7
"570" 1942 6 39.3
"571" 1942 7 81
"572" 1942 8 80.2
"573" 1942 9 51.6
"574" 1942 10 68.1
"575" 1942 11 26.3
"576" 1942 12 68
"577" 1943 1 57.9
"578" 1943 2 33.1
"579" 1943 3 19.9
"580" 1943 4 31.3
"581" 1943 5 26.6
"582" 1943 6 60.7
"583" 1943 7 38.9
"584" 1943 8 67.3
"585" 1943 9 37
"586" 1943 10 12.2
"587" 1943 11 85.6
"588" 1943 12 38.7
"589" 1944 1 38.3
"590" 1944 2 29.3
"591" 1944 3 12.2
"592" 1944 4 28.8
"593" 1944 5 12.8
"594" 1944 6 35.4
"595" 1944 7 61.5
"596" 1944 8 40.6
"597" 1944 9 66.4
"598" 1944 10 79.6
"599" 1944 11 98.6
"600" 1944 12 73.2
"601" 1945 1 39.4
"602" 1945 2 25.6
"603" 1945 3 14.5
"604" 1945 4 48.7
"605" 1945 5 85
"606" 1945 6 23.7
"607" 1945 7 11
"608" 1945 8 93.8
"609" 1945 9 98.7
"610" 1945 10 26.9
"611" 1945 11 17.7
"612" 1945 12 50.1
"613" 1946 1 55.8
"614" 1946 2 55.7
"615" 1946 3 29
"616" 1946 4 53.6
"617" 1946 5 53.2
"618" 1946 6 87.3
"619" 1946 7 35.9
"620" 1946 8 60.2
"621" 1946 9 66.8
"622" 1946 10 40.4
"623" 1946 11 39.9
"624" 1946 12 68.7
"625" 1947 1 21.3
"626" 1947 2 24.4
"627" 1947 3 78.5
"628" 1947 4 35.7
"629" 1947 5 37.4
"630" 1947 6 30.4
"631" 1947 7 62.1
"632" 1947 8 11.1
"633" 1947 9 32.3
"634" 1947 10 21.1
"635" 1947 11 39.7
"636" 1947 12 49.3
"637" 1948 1 70.1
"638" 1948 2 15.4
"639" 1948 3 24.5
"640" 1948 4 59.1
"641" 1948 5 69.3
"642" 1948 6 99.4
"643" 1948 7 48.8
"644" 1948 8 59.3
"645" 1948 9 23.6
"646" 1948 10 52.6
"647" 1948 11 33.1
"648" 1948 12 50.7
"649" 1949 1 16.9
"650" 1949 2 12.9
"651" 1949 3 19.9
"652" 1949 4 38.3
"653" 1949 5 24.5
"654" 1949 6 24.1
"655" 1949 7 29.1
"656" 1949 8 38
"657" 1949 9 76.7
"658" 1949 10 58.2
"659" 1949 11 51.5
"660" 1949 12 42.7
"661" 1950 1 44
"662" 1950 2 87.4
"663" 1950 3 15.5
"664" 1950 4 59.4
"665" 1950 5 41.2
"666" 1950 6 47.5
"667" 1950 7 68.9
"668" 1950 8 67.8
"669" 1950 9 65.1
"670" 1950 10 31.7
"671" 1950 11 109.4
"672" 1950 12 69.6
"673" 1951 1 56.3
"674" 1951 2 47.7
"675" 1951 3 58.8
"676" 1951 4 48.3
"677" 1951 5 45.6
"678" 1951 6 108.9
"679" 1951 7 81.8
"680" 1951 8 78.1
"681" 1951 9 81.2
"682" 1951 10 39.6
"683" 1951 11 85
"684" 1951 12 62.5
"685" 1952 1 117.4
"686" 1952 2 42.2
"687" 1952 3 58.4
"688" 1952 4 23.1
"689" 1952 5 29.5
"690" 1952 6 12.8
"691" 1952 7 35.1
"692" 1952 8 53.3
"693" 1952 9 57.4
"694" 1952 10 78.7
"695" 1952 11 110.6
"696" 1952 12 98.7
"697" 1953 1 7.3
"698" 1953 2 61.1
"699" 1953 3 3.5
"700" 1953 4 69.5
"701" 1953 5 58.8
"702" 1953 6 59.1
"703" 1953 7 58.2
"704" 1953 8 52.2
"705" 1953 9 32.6
"706" 1953 10 12.8
"707" 1953 11 17.2
"708" 1953 12 26.8
"709" 1954 1 36.9
"710" 1954 2 28.7
"711" 1954 3 43.4
"712" 1954 4 9
"713" 1954 5 27.3
"714" 1954 6 70.3
"715" 1954 7 77.7
"716" 1954 8 70.7
"717" 1954 9 85.1
"718" 1954 10 52.2
"719" 1954 11 40.2
"720" 1954 12 29.8
"721" 1955 1 65.9
"722" 1955 2 62.4
"723" 1955 3 17
"724" 1955 4 16.1
"725" 1955 5 75.4
"726" 1955 6 41.5
"727" 1955 7 24.1
"728" 1955 8 69.5
"729" 1955 9 52.6
"730" 1955 10 28
"731" 1955 11 30.2
"732" 1955 12 64.4
"733" 1956 1 62.9
"734" 1956 2 26.7
"735" 1956 3 15.5
"736" 1956 4 36.1
"737" 1956 5 27.5
"738" 1956 6 63.5
"739" 1956 7 64.5
"740" 1956 8 87.1
"741" 1956 9 48.7
"742" 1956 10 82.1
"743" 1956 11 46.8
"744" 1956 12 25
"745" 1957 1 25.9
"746" 1957 2 101.4
"747" 1957 3 22.3
"748" 1957 4 38.8
"749" 1957 5 28.4
"750" 1957 6 59.8
"751" 1957 7 94.8
"752" 1957 8 68.9
"753" 1957 9 84.9
"754" 1957 10 27.8
"755" 1957 11 24.9
"756" 1957 12 32.3
"757" 1958 1 33.6
"758" 1958 2 94.7
"759" 1958 3 36.9
"760" 1958 4 28.6
"761" 1958 5 49.5
"762" 1958 6 71.4
"763" 1958 7 87.7
"764" 1958 8 62.7
"765" 1958 9 46.4
"766" 1958 10 57.1
"767" 1958 11 31.9
"768" 1958 12 63.5
"769" 1959 1 73.7
"770" 1959 2 2
"771" 1959 3 58.7
"772" 1959 4 37.3
"773" 1959 5 15.4
"774" 1959 6 37.3
"775" 1959 7 16.2
"776" 1959 8 20.7
"777" 1959 9 3.3
"778" 1959 10 80
"779" 1959 11 39.7
"780" 1959 12 60
"781" 1960 1 52.7
"782" 1960 2 26.2
"783" 1960 3 40.4
"784" 1960 4 11.1
"785" 1960 5 54.4
"786" 1960 6 64.5
"787" 1960 7 52.5
"788" 1960 8 107.4
"789" 1960 9 59.8
"790" 1960 10 99
"791" 1960 11 82.9
"792" 1960 12 61.6
"793" 1961 1 67.3
"794" 1961 2 48.8
"795" 1961 3 12.8
"796" 1961 4 81.9
"797" 1961 5 27
"798" 1961 6 42.8
"799" 1961 7 58.4
"800" 1961 8 22.2
"801" 1961 9 47.6
"802" 1961 10 115
"803" 1961 11 82.3
"804" 1961 12 58.7
"805" 1962 1 52.8
"806" 1962 2 21.6
"807" 1962 3 44.2
"808" 1962 4 24.8
"809" 1962 5 30.7
"810" 1962 6 14.8
"811" 1962 7 65.3
"812" 1962 8 52.8
"813" 1962 9 31.4
"814" 1962 10 40.4
"815" 1962 11 40.4
"816" 1962 12 48.1
"817" 1963 1 16.3
"818" 1963 2 13.9
"819" 1963 3 49.9
"820" 1963 4 43.8
"821" 1963 5 77.1
"822" 1963 6 92.4
"823" 1963 7 19.9
"824" 1963 8 112.1
"825" 1963 9 30.7
"826" 1963 10 51.7
"827" 1963 11 81.9
"828" 1963 12 10.6
"829" 1964 1 19.4
"830" 1964 2 23.5
"831" 1964 3 47.4
"832" 1964 4 33.8
"833" 1964 5 65.7
"834" 1964 6 82.6
"835" 1964 7 62.8
"836" 1964 8 41.7
"837" 1964 9 73.1
"838" 1964 10 112.4
"839" 1964 11 85
"840" 1964 12 98.2
"841" 1965 1 59
"842" 1965 2 11.2
"843" 1965 3 40.5
"844" 1965 4 49.6
"845" 1965 5 67.5
"846" 1965 6 48.1
"847" 1965 7 117.7
"848" 1965 8 60.8
"849" 1965 9 74.1
"850" 1965 10 21.7
"851" 1965 11 52
"852" 1965 12 133.3
"853" 1966 1 32.6
"854" 1966 2 73.3
"855" 1966 3 41.5
"856" 1966 4 58.9
"857" 1966 5 37.3
"858" 1966 6 73.9
"859" 1966 7 68.7
"860" 1966 8 100.1
"861" 1966 9 23.9
"862" 1966 10 104
"863" 1966 11 116.1
"864" 1966 12 123.2
"865" 1967 1 22.7
"866" 1967 2 31.8
"867" 1967 3 35.5
"868" 1967 4 36.8
"869" 1967 5 67.5
"870" 1967 6 29.4
"871" 1967 7 30.6
"872" 1967 8 63.7
"873" 1967 9 60.6
"874" 1967 10 78.2
"875" 1967 11 23.8
"876" 1967 12 65.9
"877" 1968 1 53.4
"878" 1968 2 67.9
"879" 1968 3 41.6
"880" 1968 4 26.8
"881" 1968 5 35.4
"882" 1968 6 61.8
"883" 1968 7 192.6
"884" 1968 8 70
"885" 1968 9 99.7
"886" 1968 10 35.2
"887" 1968 11 23.4
"888" 1968 12 54.7
"889" 1969 1 31.9
"890" 1969 2 30.4
"891" 1969 3 59.2
"892" 1969 4 34.3
"893" 1969 5 79.2
"894" 1969 6 129.9
"895" 1969 7 35.5
"896" 1969 8 96.8
"897" 1969 9 7.9
"898" 1969 10 4.4
"899" 1969 11 79.5
"900" 1969 12 42.4
"901" 1970 1 51.3
"902" 1970 2 71.6
"903" 1970 3 58.9
"904" 1970 4 63.5
"905" 1970 5 34.6
"906" 1970 6 27.9
"907" 1970 7 41.3
"908" 1970 8 50.5
"909" 1970 9 98.5
"910" 1970 10 44.1
"911" 1970 11 77.2
"912" 1970 12 16.8
"913" 1971 1 38.5
"914" 1971 2 25.7
"915" 1971 3 32.3
"916" 1971 4 24.3
"917" 1971 5 41
"918" 1971 6 104.7
"919" 1971 7 34.3
"920" 1971 8 54.2
"921" 1971 9 9.9
"922" 1971 10 15.4
"923" 1971 11 81.5
"924" 1971 12 9
"925" 1972 1 53.9
"926" 1972 2 35.7
"927" 1972 3 31.3
"928" 1972 4 66.8
"929" 1972 5 74.2
"930" 1972 6 57.8
"931" 1972 7 54.2
"932" 1972 8 49.6
"933" 1972 9 50.9
"934" 1972 10 15.9
"935" 1972 11 81.6
"936" 1972 12 31.8
"937" 1973 1 22.6
"938" 1973 2 36.8
"939" 1973 3 9.9
"940" 1973 4 36.6
"941" 1973 5 71.5
"942" 1973 6 32.3
"943" 1973 7 46.3
"944" 1973 8 11.5
"945" 1973 9 83.6
"946" 1973 10 42.1
"947" 1973 11 29.6
"948" 1973 12 39
"949" 1974 1 52.4
"950" 1974 2 62
"951" 1974 3 37.9
"952" 1974 4 11.9
"953" 1974 5 38
"954" 1974 6 51.4
"955" 1974 7 59.5
"956" 1974 8 58.3
"957" 1974 9 118.7
"958" 1974 10 143.5
"959" 1974 11 84.6
"960" 1974 12 58.1
"961" 1975 1 59.7
"962" 1975 2 18
"963" 1975 3 86.7
"964" 1975 4 52.4
"965" 1975 5 28.3
"966" 1975 6 26.7
"967" 1975 7 47.6
"968" 1975 8 89.1
"969" 1975 9 114.2
"970" 1975 10 23.6
"971" 1975 11 100.5
"972" 1975 12 22.4
"973" 1976 1 27.4
"974" 1976 2 29.2
"975" 1976 3 29.6
"976" 1976 4 8
"977" 1976 5 28.3
"978" 1976 6 3.4
"979" 1976 7 32.7
"980" 1976 8 23.8
"981" 1976 9 72.6
"982" 1976 10 41.7
"983" 1976 11 71
"984" 1976 12 48
"985" 1977 1 43.1
"986" 1977 2 57
"987" 1977 3 46.6
"988" 1977 4 46.1
"989" 1977 5 67.6
"990" 1977 6 104.7
"991" 1977 7 35.5
"992" 1977 8 25.3
"993" 1977 9 13.8
"994" 1977 10 36.1
"995" 1977 11 120.5
"996" 1977 12 55.5
"997" 1978 1 45.9
"998" 1978 2 18.5
"999" 1978 3 48.7
"1000" 1978 4 40.8
"1001" 1978 5 78.1
"1002" 1978 6 67.2
"1003" 1978 7 57.3
"1004" 1978 8 47.4
"1005" 1978 9 33.7
"1006" 1978 10 12.4
"1007" 1978 11 25.8
"1008" 1978 12 79.4
"1009" 1979 1 38
"1010" 1979 2 39.2
"1011" 1979 3 86.9
"1012" 1979 4 51.8
"1013" 1979 5 88.3
"1014" 1979 6 51.8
"1015" 1979 7 19.4
"1016" 1979 8 73.7
"1017" 1979 9 5.2
"1018" 1979 10 50.2
"1019" 1979 11 79.5
"1020" 1979 12 93.5
"1021" 1980 1 31.5
"1022" 1980 2 48.5
"1023" 1980 3 89.6
"1024" 1980 4 40
"1025" 1980 5 42.4
"1026" 1980 6 66
"1027" 1980 7 124.5
"1028" 1980 8 42.3
"1029" 1980 9 11.8
"1030" 1980 10 88.9
"1031" 1980 11 35.2
"1032" 1980 12 60.8
"1033" 1981 1 56.2
"1034" 1981 2 29.1
"1035" 1981 3 81.7
"1036" 1981 4 26.2
"1037" 1981 5 107.5
"1038" 1981 6 84.3
"1039" 1981 7 48.8
"1040" 1981 8 25.7
"1041" 1981 9 74.9
"1042" 1981 10 108.3
"1043" 1981 11 44.9
"1044" 1981 12 76.7
"1045" 1982 1 37.3
"1046" 1982 2 16.8
"1047" 1982 3 43.9
"1048" 1982 4 27
"1049" 1982 5 58.3
"1050" 1982 6 85.7
"1051" 1982 7 37.2
"1052" 1982 8 59.1
"1053" 1982 9 46
"1054" 1982 10 88.1
"1055" 1982 11 54.3
"1056" 1982 12 82.5
"1057" 1983 1 47.2
"1058" 1983 2 41.2
"1059" 1983 3 55.8
"1060" 1983 4 84.6
"1061" 1983 5 86.6
"1062" 1983 6 50.6
"1063" 1983 7 35.7
"1064" 1983 8 22.9
"1065" 1983 9 38
"1066" 1983 10 29
"1067" 1983 11 30.9
"1068" 1983 12 37.4
"1069" 1984 1 96.6
"1070" 1984 2 46.9
"1071" 1984 3 54.1
"1072" 1984 4 32
"1073" 1984 5 78.4
"1074" 1984 6 21.4
"1075" 1984 7 40.2
"1076" 1984 8 29.6
"1077" 1984 9 118.1
"1078" 1984 10 98.4
"1079" 1984 11 68.7
"1080" 1984 12 32
"1081" 1985 1 49.7
"1082" 1985 2 14.8
"1083" 1985 3 53.2
"1084" 1985 4 60.7
"1085" 1985 5 67.1
"1086" 1985 6 70
"1087" 1985 7 49.4
"1088" 1985 8 59.3
"1089" 1985 9 25.1
"1090" 1985 10 26.3
"1091" 1985 11 41.9
"1092" 1985 12 39
"1093" 1986 1 85
"1094" 1986 2 5.2
"1095" 1986 3 92
"1096" 1986 4 81.7
"1097" 1986 5 27
"1098" 1986 6 43
"1099" 1986 7 24.7
"1100" 1986 8 37.2
"1101" 1986 9 46.9
"1102" 1986 10 88.1
"1103" 1986 11 48.8
"1104" 1986 12 94.2
"1105" 1987 1 23.2
"1106" 1987 2 48.9
"1107" 1987 3 76.9
"1108" 1987 4 30.1
"1109" 1987 5 67.7
"1110" 1987 6 107.7
"1111" 1987 7 108.4
"1112" 1987 8 68.7
"1113" 1987 9 23.2
"1114" 1987 10 77.1
"1115" 1987 11 66.8
"1116" 1987 12 15.3
"1117" 1988 1 99.7
"1118" 1988 2 64.5
"1119" 1988 3 83.5
"1120" 1988 4 7.8
"1121" 1988 5 42.5
"1122" 1988 6 10.7
"1123" 1988 7 100.9
"1124" 1988 8 44.9
"1125" 1988 9 60
"1126" 1988 10 40.4
"1127" 1988 11 37.5
"1128" 1988 12 43
"1129" 1989 1 26.5
"1130" 1989 2 44.3
"1131" 1989 3 55.3
"1132" 1989 4 82.2
"1133" 1989 5 15
"1134" 1989 6 53.2
"1135" 1989 7 32.8
"1136" 1989 8 23.8
"1137" 1989 9 53.9
"1138" 1989 10 55.9
"1139" 1989 11 18.5
"1140" 1989 12 80.1
"1141" 1990 1 55.7
"1142" 1990 2 64.7
"1143" 1990 3 9.5
"1144" 1990 4 60.5
"1145" 1990 5 9.2
"1146" 1990 6 55.2
"1147" 1990 7 12.9
"1148" 1990 8 50.6
"1149" 1990 9 54.2
"1150" 1990 10 77.2
"1151" 1990 11 70.2
"1152" 1990 12 66
"1153" 1991 1 53.7
"1154" 1991 2 22.4
"1155" 1991 3 30.1
"1156" 1991 4 53.2
"1157" 1991 5 32.8
"1158" 1991 6 93.4
"1159" 1991 7 120.9
"1160" 1991 8 5.3
"1161" 1991 9 46.9
"1162" 1991 10 47.7
"1163" 1991 11 96.6
"1164" 1991 12 39.6
"1165" 1992 1 19.6
"1166" 1992 2 29.6
"1167" 1992 3 74.3
"1168" 1992 4 60.5
"1169" 1992 5 41.4
"1170" 1992 6 90.6
"1171" 1992 7 60.7
"1172" 1992 8 84.5
"1173" 1992 9 56
"1174" 1992 10 57.6
"1175" 1992 11 59.4
"1176" 1992 12 60.8
"1177" 1993 1 76.8
"1178" 1993 2 22.6
"1179" 1993 3 1.8
"1180" 1993 4 50.9
"1181" 1993 5 54.2
"1182" 1993 6 76
"1183" 1993 7 115.6
"1184" 1993 8 12.2
"1185" 1993 9 103.2
"1186" 1993 10 79.8
"1187" 1993 11 47.2
"1188" 1993 12 156.2
"1189" 1994 1 67.8
"1190" 1994 2 35.6
"1191" 1994 3 63.6
"1192" 1994 4 72
"1193" 1994 5 121
"1194" 1994 6 38.4
"1195" 1994 7 25.2
"1196" 1994 8 43.6
"1197" 1994 9 92.8
"1198" 1994 10 45.6
"1199" 1994 11 26.4
"1200" 1994 12 88.6
"1201" 1995 1 119.8
"1202" 1995 2 77.4
"1203" 1995 3 51.6
"1204" 1995 4 27.4
"1205" 1995 5 25.4
"1206" 1995 6 32
"1207" 1995 7 32.6
"1208" 1995 8 20.2
"1209" 1995 9 89.8
"1210" 1995 10 7.8
"1211" 1995 11 29.6
"1212" 1995 12 48.8
"1213" 1996 1 16
"1214" 1996 2 63.2
"1215" 1996 3 29
"1216" 1996 4 3.2
"1217" 1996 5 89.6
"1218" 1996 6 29.4
"1219" 1996 7 31.4
"1220" 1996 8 116
"1221" 1996 9 47.8
"1222" 1996 10 44.2
"1223" 1996 11 97.4
"1224" 1996 12 28.4
"1225" 1997 1 2.6
"1226" 1997 2 46.2
"1227" 1997 3 21
"1228" 1997 4 13.4
"1229" 1997 5 60.8
"1230" 1997 6 100.6
"1231" 1997 7 45
"1232" 1997 8 50
"1233" 1997 9 8.4
"1234" 1997 10 67.2
"1235" 1997 11 110.4
"1236" 1997 12 48
"1237" 1998 1 71.4
"1238" 1998 2 13
"1239" 1998 3 46.2
"1240" 1998 4 73.2
"1241" 1998 5 27.2
"1242" 1998 6 100.4
"1243" 1998 7 40.4
"1244" 1998 8 42
"1245" 1998 9 93
"1246" 1998 10 109.6
"1247" 1998 11 115
"1248" 1998 12 55.8
"1249" 1999 1 84.4
"1250" 1999 2 53.4
"1251" 1999 3 56
"1252" 1999 4 51.8
"1253" 1999 5 35.6
"1254" 1999 6 66.6
"1255" 1999 7 27.2
"1256" 1999 8 75.4
"1257" 1999 9 51
"1258" 1999 10 51.8
"1259" 1999 11 42.8
"1260" 1999 12 163.4
"1261" 2000 1 29.8
"1262" 2000 2 60.2
"1263" 2000 3 41.2
"1264" 2000 4 60.2
"1265" 2000 5 73.6
"1266" 2000 6 36.2
"1267" 2000 7 130.2
"1268" 2000 8 69.8
"1269" 2000 9 66.8
"1270" 2000 10 116
"1271" 2000 11 95.8
"1272" 2000 12 86.8
"1273" 2001 1 77.8
"1274" 2001 2 45
"1275" 2001 3 112.6
"1276" 2001 4 112.6
"1277" 2001 5 20.6
"1278" 2001 6 63
"1279" 2001 7 89.6
"1280" 2001 8 98
"1281" 2001 9 32.8
"1282" 2001 10 50.6
"1283" 2001 11 104
"1284" 2001 12 100
"1285" 2002 1 34.2
"1286" 2002 2 80.4
"1287" 2002 3 64.6
"1288" 2002 4 21.4
"1289" 2002 5 75.2
"1290" 2002 6 63
"1291" 2002 7 89.6
"1292" 2002 8 98
"1293" 2002 9 32.8
"1294" 2002 10 50.6
"1295" 2002 11 104
"1296" 2002 12 100
